4.388019540862320156e-02 1.442242676648941568e-02 2.494737782489120370e-02 7.429935089576000838e-04 6.379639719332883723e-04 7.515050065630036894e-04
1.616142533134024006e-07 1.049838385591472800e-03 1.598721155460225418e-13 9.110315291366722999e-08 2.264267771254228543e-04 nan
2.638791336719292779e-02 2.846219673554006846e-02 6.499889897272126404e-03 7.870455526026286924e-04 7.465147915459367485e-04 3.788071467085214641e-04
8.951442298510414730e-08 7.490290195133475493e-04 6.508814660677320063e-04 8.958384051120884700e-08 1.431086139415619219e-04 1.251600477202823166e-04
2.537294779429766223e-03 6.127052205759930814e-04 -1.776356839400250465e-15 3.278645557525412401e-04 1.273818750182937763e-04 nan
2.499373098112656066e-04 1.500605948030475645e-04 2.095389639578115748e-09 1.114939474238333945e-04 8.645801379952751115e-05 6.585445079827192917e-10
1.120056190857754430e-02 5.507507228959429568e-03 9.193086246739312628e-05 6.519412970161710553e-04 4.755181423419249458e-04 1.304816431949481009e-05
2.772584232675345817e-02 1.767541883711598594e-02 1.044873883613517407e-02 1.051648914235451746e-03 7.496746883920151362e-04 6.322678336348227894e-04
1.199947661175038149e-03 2.557258621795677200e-03 9.279371703363459289e-05 3.442972956570769733e-04 3.415163327530568128e-04 1.309945620237676941e-05
1.159998789406757602e-02 1.210593758571576473e-08 -1.776356839400250465e-15 6.667711100762504454e-04 nan nan
2.500275058527900995e-04 4.805414856601242235e-03 1.394557637549809215e-03 1.114939818303964695e-04 4.692209226835919759e-04 2.508487139204119043e-04
7.499738313225812192e-04 1.339722769999296403e-02 2.798468688558486406e-06 1.921754017861858875e-04 6.869628913814271667e-04 1.905180757064909310e-07
4.993798566599316757e-05 1.000620141677899255e-04 1.705302565824240446e-13 4.991223859688833964e-05 7.063222063111215929e-05 1.140632546871517730e-09
2.800089514423786952e-03 2.508677514537538400e-03 9.123297104252081624e-05 3.634696011657470105e-04 3.384293455072369242e-04 1.304349972184095451e-05
9.499666656100913542e-04 1.486362255765572016e-02 5.736410776738587458e-03 2.158436699292005879e-04 6.968109747009432935e-04 4.733014501454409695e-04
1.500006767061190516e-04 1.998147465584843019e-02 3.685246674500763930e-04 8.647171167152033200e-05 7.452508850950063284e-04 3.293497946015855462e-05
1.999921589863618010e-04 1.500057456291781222e-04 2.095389639578115748e-09 9.979462835396429258e-05 8.645800103985673622e-05 6.585445079827192917e-10
5.731807445838121851e-03 2.409896900692576338e-02 3.692235472407823238e-04 7.335272671074889988e-04 7.510163438359745243e-04 3.294180060354969815e-05
7.449999045888722193e-03 7.749918241217734760e-04 5.725009129994296231e-03 5.627117414865203228e-04 7.082322499189021335e-05 4.732977599444711941e-04
3.387927285284364487e-03 3.070839743678055456e-03 9.123297104252081624e-05 3.814053520098895783e-04 3.559924190804154604e-04 1.304349972184095451e-05
5.999738363622331150e-04 1.403633572232942939e-03 2.879639259140964747e-02 1.721486478332620302e-04 2.277922097625825109e-04 7.303979943871817884e-04
4.706866473198356715e-02 2.768534214060469623e-02 1.684599312741652533e-02 6.575434037612455911e-04 7.486868824487057225e-04 6.867221866144671135e-04
7.209983099443206811e-08 9.999279000141303442e-04 1.598721155460225418e-13 1.638439678192062480e-08 2.211122388096989919e-04 nan
5.959995262618766887e-02 1.508864572691304140e-02 1.140164690438538742e-05 2.184094251410161926e-03 7.093701841408196372e-04 7.626107477733797606e-07
8.881784197001252323e-16 5.329070518200751394e-15 -1.776356839400250465e-15 nan 2.133928097298294226e-09 nan
2.999373096803648053e-04 6.269032515326955490e-08 -1.776356839400250465e-15 1.220788188780956411e-04 6.270540326587438839e-08 nan
1.849367494152875935e-03 6.325058532485883234e-07 -1.776356839400250465e-15 2.983239693170814310e-04 1.056897258142136338e-07 nan
5.553078343965700547e-02 1.400781491377744992e-02 1.140164657043030161e-05 9.052246470438890004e-04 6.952646470362994473e-04 7.626042079345527594e-07
7.277683167217219307e-08 3.722320089443420521e-02 1.072672632873894472e-02 1.625151221325169039e-08 5.852664519762243271e-04 6.322940654000664806e-04
3.900192398562873919e-03 2.355693999860153376e-02 2.394286760283970139e-02 4.238949340105749547e-04 7.559259387458609498e-04 7.495138211321280500e-04
8.000633449989358326e-04 3.317948816338400775e-03 3.178198783866692523e-02 1.983769249464542800e-04 3.670849600955075967e-04 1.894869237505536269e-03
2.276975771102640600e-02 7.798878047361901267e-03 6.131364241616976685e-03 7.844746505383760546e-04 4.460369352079418732e-04 3.750308655613146720e-04
1.028115828662601317e-02 2.210120342888677314e-02 3.341763828449240137e-02 6.382183352707363790e-04 7.472501193368203494e-04 6.857857593611112711e-04
2.136164905216397791e-02 2.164481406679974462e-02 6.093536881040639841e-03 1.282479308326971591e-03 7.473683447545525875e-04 4.743094407470836477e-04
3.499999999783121041e-04 2.753353101070388220e-14 -1.776356839400250465e-15 1.318207914289300903e-04 nan nan
1.499921594017017412e-04 2.371043774707670693e-02 1.648957009352591818e-02 8.646720509621394881e-05 7.564153219156790914e-04 6.855047828291852387e-04
8.799987894068328487e-03 2.557218388901327799e-03 9.279371703363459289e-05 6.017198614645954220e-04 3.415163527601535408e-04 1.309945620237676941e-05
3.186004988764423729e-05 1.480577065073362952e-02 1.781236929938234681e-02 3.185557117485260582e-05 7.057644654257335445e-04 7.366470972437078740e-04
1.990010092347094250e-02 3.686812463134003792e-02 1.883177444519423815e-02 7.723152967886065838e-04 6.866281861193127781e-04 7.377246276512848273e-04
2.406200273203351614e-02 1.798713049921119023e-02 3.250086676875962866e-02 7.876418446276972673e-04 7.286181086156374217e-04 6.923467184330248103e-04
2.949957865575614235e-03 4.213443016709561562e-08 -1.776356839400250465e-15 3.724761038284964761e-04 4.928095845625904791e-09 nan
2.356167453904522979e-02 2.288223746309325790e-03 1.780010171464896374e-02 1.286647604019578632e-03 3.268730074288452849e-04 7.366751473370676800e-04
9.187915190917328445e-03 2.012082832680395228e-03 1.976406593939827872e-09 6.044722004530865252e-04 3.911225628270340970e-04 nan
1.710015127846920002e-02 1.049848721374591065e-03 1.598721155460225418e-13 7.488192488343231156e-04 2.264267722609761182e-04 nan
9.599317246973493312e-03 2.138186971269240289e-02 1.881881304033883318e-02 6.222635794610603677e-04 7.483896463857485489e-04 7.377439571405405589e-04
2.668024004431002183e-02 3.009535814822972277e-02 1.537440180746330043e-02 7.859499111070688930e-04 7.375205173262721790e-04 6.624002068991301532e-04
7.499936356868630583e-03 5.942563790722110717e-02 3.402442573591479835e-02 5.642586919065955935e-04 1.015700540384419960e-03 1.218443650568321263e-03
2.949992158867154046e-03 7.841139293418564193e-09 -1.776356839400250465e-15 3.724801622887368227e-04 4.538704801727534792e-09 nan
7.731796399480295179e-03 1.820360052473546375e-05 -1.776356839400250465e-15 5.709882806472948210e-04 1.814165779996772265e-05 nan
5.775824263309914386e-12 1.399117539956806766e-03 6.508824542716951100e-04 nan 2.277881753244823170e-04 1.251600498876463154e-04
2.851052727237401996e-13 2.341043409697518562e-02 1.648956590274375245e-02 1.613098017469865450e-09 7.454910727551658598e-04 6.855047722111952445e-04
8.881784197001252323e-16 2.618388567610097084e-05 8.873816114328247906e-03 nan 2.112573522605378882e-06 5.971062273077437253e-04
8.881784197001252323e-16 5.329070518200751394e-15 -1.776356839400250465e-15 nan 2.133928097298294226e-09 nan
5.713711947393562696e-03 3.347252112291254633e-04 1.562841381641533189e-06 5.039471302239426640e-04 1.266701844676528551e-04 1.104576351842867934e-06
1.113080325893323064e-02 1.919674107209168312e-05 -1.776356839400250465e-15 6.567541798370067846e-04 1.447378807478014144e-06 nan
8.999917362631171258e-03 7.267157649764488525e-03 6.132924987608534551e-03 6.070252553637810883e-04 4.334409793503795445e-04 3.750433946112314209e-04
2.419226929358364586e-03 3.033415267480865651e-02 8.896620395837384621e-03 3.187282166555578623e-04 1.379740624442186720e-03 5.970763228168184025e-04
1.231206481331392766e-02 7.379341984870002591e-04 9.882024087914942356e-10 6.798953269789431838e-04 1.864848815073058964e-04 nan
2.933783468450790188e-02 2.098743207325437510e-02 3.462473324224157878e-02 7.798614170481653904e-04 7.432643125155007731e-04 6.624034347262580235e-04
2.475675156845635883e-02 3.740826396226260009e-02 6.393498446928491674e-02 8.036901547029610786e-04 7.728586978481730933e-04 7.122839870272394246e-04
8.526512829121202230e-14 2.249304203886470788e-03 6.957960327902412700e-07 2.184145040727886246e-09 3.268879791722271761e-04 1.058455378782082413e-07
5.379272852887861944e-04 6.120727147169713334e-04 -1.776356839400250465e-15 1.122405311026557060e-04 1.273807220085294508e-04 nan
1.820390792695025795e-04 2.082405840493106730e-02 9.243902515803315012e-03 9.211959008129546168e-05 7.515744427554982504e-04 5.972133566581809376e-04
8.951454910643974472e-08 9.879678948744974321e-03 2.397023153671096196e-02 8.953541681009711040e-08 5.312259951303225161e-04 1.202660363043178346e-03
1.043077457926289142e-02 2.294713510379908783e-03 8.874511910362592459e-03 6.414722589390410264e-04 3.268666963570173345e-04 5.971052700525095527e-04
3.018019074948696812e-02 1.702799774548457989e-03 5.881700947596923967e-02 1.028386320960028577e-03 1.580317572827884980e-04 8.843905078095253133e-04
4.681931865599064935e-03 1.118068134072780495e-03 3.321787289678468369e-13 4.599608882108512575e-04 2.323136227192484774e-04 1.862645149230957031e-09
1.401926219765892156e-02 3.770389617291547424e-02 2.222684162943044939e-02 7.047080902894302997e-04 1.351028042784839468e-03 7.399703781575336665e-04
8.881784197001252323e-16 1.648420994022181674e-03 1.145157900598148260e-02 nan 1.575930955887484039e-04 9.465963061314478432e-04
1.258019692257206223e-02 1.021273390978572060e-02 1.185706916764650565e-02 6.850190665535283493e-04 5.264212916429260704e-04 5.778592412626562405e-04
8.739675649849232286e-13 2.013380827194910516e-02 1.071619172718119017e-02 nan 7.458766151725780514e-04 6.323055763212079858e-04
1.261213355974177830e-13 8.753003240900003590e-04 9.524699675788728115e-03 1.862645149230957031e-09 1.593650967091230397e-04 6.046116003805599532e-04
2.159999655132383012e-02 2.352236769518789572e-03 2.814776667916119024e-02 7.813278402179900817e-04 3.334775668421435281e-04 7.341554860610941587e-04
1.499999999894363611e-04 7.749908700211971535e-04 5.725009129994296231e-03 8.647171167653562086e-05 7.082321683548459517e-05 4.732977599444711941e-04
6.198601107687551348e-04 3.129851516013415491e-03 1.845028837322182369e-02 1.268024878152106398e-04 3.433532296171914349e-04 7.382141463178483031e-04
3.500816732775469120e-04 7.999799387725659017e-05 1.921992033284958268e-02 1.318178875488686304e-04 4.992736447837837810e-05 7.454793110728128629e-04
1.829931229968240203e-02 6.877003235761236510e-07 -1.776356839400250465e-15 7.602382743421521802e-04 1.061789426881491825e-07 nan
2.688722864037096372e-02 6.127713596355555126e-04 -1.776356839400250465e-15 7.860818842653641628e-04 1.273820064849540883e-04 nan
1.137200878205124610e-04 4.067595599085205293e-03 6.468684313098327365e-03 8.094747044198274228e-05 3.720139870047770394e-04 4.862716322745758830e-04
3.793020288402426665e-02 2.563942334861279981e-02 1.968037376736719857e-02 7.444301314011907362e-04 7.468949745060862950e-04 7.446475584014476679e-04
2.881870130681418729e-03 4.992856865023598267e-02 3.278956121908738197e-02 3.677202923373098327e-04 1.095592387265604400e-03 6.912525084312439935e-04
3.500649346537265671e-04 1.099935065017820790e-03 3.321787289678468369e-13 1.318178588205842577e-04 2.316442688069422610e-04 1.862645149230957031e-09
3.133716751312221049e-02 3.221597420448807370e-03 9.123506643304857278e-05 7.630427279095254242e-04 3.651059066559025445e-04 1.304351255587604176e-05
1.724998966420554503e-02 6.991288697306696776e-04 6.508814660677320063e-04 7.503632736580826161e-04 1.342941846742016024e-04 1.251600477202823166e-04
2.168031204075759888e-02 3.217447582665733385e-02 2.439521213258943888e-02 7.815743067228726271e-04 8.127460915000233113e-04 7.502734566234500746e-04
5.000000585497765826e-05 1.330649827971419619e-02 4.389350171443484605e-02 4.997483472083177474e-05 6.181886217236534468e-04 4.743231265818504349e-04
8.881784197001252323e-16 5.329070518200751394e-15 -1.776356839400250465e-15 nan 2.133928097298294226e-09 nan
5.924298050872423005e-02 1.207019490947924822e-03 3.321787289678468369e-13 6.853782101799160567e-04 2.373522615842335495e-04 1.862645149230957031e-09
1.694999750535064464e-02 1.572551152598355984e-03 6.377451342054918371e-03 7.472419434543108203e-04 1.674907390621963542e-04 4.860628667859181020e-04
7.499659896634813805e-04 9.567971877298742100e-03 6.132062133041626950e-03 1.921734231065170715e-04 5.248335916641388467e-04 3.750359301506584983e-04
8.951442298510414730e-08 7.248625911113082410e-03 2.535128457446722550e-02 8.958384051120884700e-08 4.314020140114140458e-04 7.519635751098712080e-04
2.949957865575614235e-03 2.459997326153873232e-03 3.569004480827375758e-02 3.724761038284964761e-04 3.351224709640021528e-04 1.473120580322723108e-03
2.000000007325031248e-04 2.376466331448257030e-02 1.063533668478910954e-02 9.979852529492241008e-05 7.739493635483665540e-04 6.375696358994939169e-04
6.000459304174032837e-04 4.234306049771374703e-03 2.361564801981486106e-02 1.721486470195529312e-04 3.998970023541812725e-04 7.532241819673154938e-04
3.037205920009222737e-03 1.685069663739025003e-02 1.209744260499689972e-05 3.605124616163178771e-04 7.243047787488869323e-04 7.791537557159856755e-07
5.799957865568972082e-03 4.213443638434455352e-08 -1.776356839400250465e-15 5.061055791926497537e-04 5.684120401616069520e-09 nan
2.599341324728277058e-03 6.586752780979310273e-07 -1.776356839400250465e-15 3.509102840440200344e-04 1.060941568339652211e-07 nan
2.613791268555121228e-02 2.284130610514978343e-02 3.707812093030060652e-04 7.874087239608631213e-04 7.510829832408741661e-04 3.297488718872459149e-05
1.999999999890977875e-04 1.598721155460225418e-14 -1.776356839400250465e-15 9.979852527971293740e-05 nan nan
3.631791740068557317e-03 1.820825993759100925e-05 -1.776356839400250465e-15 4.096570557131543164e-04 1.814155439751324324e-05 nan
