1.447484063569470791e-02 1.256819538804299086e-03 1.673158831039245342e-06 4.810570961125607936e-04 1.329205572751142328e-04 4.657517332290916922e-07
1.492968219137624786e-02 1.103724157795138439e-03 3.165936508280342565e-04 4.753966892532565203e-04 1.155116528286712746e-04 3.734385424766039323e-05
4.551264364353713177e-02 1.772485833736503480e-02 1.816249801909708417e-02 7.466937258017824867e-04 4.882808317129434784e-04 4.876231648993850708e-04
5.537206885966039493e-04 6.363638961202067179e-04 9.915415280170591927e-06 9.421502629605568366e-05 1.008069645295981960e-04 9.456390180319506922e-06
8.333332748389210565e-05 5.849543072145024780e-12 -1.776356839400250465e-15 3.725839663076806619e-05 4.032745043674663625e-10 0.000000000000000000e+00
9.862979792285564429e-05 1.370201771599965923e-06 3.019806626980425790e-13 4.026120630895348173e-05 9.628325813415086945e-07 5.703162734357588648e-10
1.360974928643221560e-02 2.320904175370053224e-02 1.812089598647315114e-04 4.559019337406715723e-04 5.638420721922833469e-04 1.439343275364329678e-05
1.082420456575894363e-02 6.847731434624915181e-04 2.435562410996183758e-05 4.264304765068276971e-04 9.889831736497392827e-05 8.108730172873383023e-06
1.831844663767068226e-03 4.637841961883104602e-04 4.371140042147558802e-06 1.726317298623398307e-04 8.506277036281094308e-05 9.088342939962736687e-07
1.919487403608721721e-02 8.833646858841248672e-05 1.228286561349989370e-07 5.316758248351464815e-04 3.720082031670809844e-05 5.494457879697744042e-08
1.076984133532299381e-03 1.005162343024057492e-04 5.832965496832542840e-06 1.332082111730883501e-04 3.865766859643217829e-05 2.603232359327874257e-06
1.916486974582465308e-03 1.796920801044876725e-07 1.776356839400250465e-15 1.776738536091883162e-04 9.725759887374789724e-08 5.703162734357588648e-10
1.785563786455668378e-03 2.303342904950156367e-04 7.685897114306783351e-07 1.703639580924263674e-04 5.829442601466495912e-05 3.546333639380962582e-07
2.140819883544864410e-03 9.180107612749566215e-06 8.840927989695046563e-12 1.873218275674036070e-04 4.594619132891136648e-06 4.939083809870393912e-10
1.075876593617630661e-03 1.283265261011745650e-03 2.419147870158511182e-05 1.330158128090016634e-04 1.438144620987511662e-04 2.763002160570726411e-06
4.941079796929592760e-04 5.892019108388879545e-06 1.195488152916368563e-12 9.009155874987898136e-05 1.904706411681132033e-06 4.939083809870393912e-10
2.375482427250608097e-03 7.850900155981221928e-06 5.925926416239235550e-12 1.972570074388181420e-04 3.974734047359059576e-06 6.376329780383572434e-10
4.306740599485281429e-02 5.542672079495614135e-02 6.752253987685641334e-02 7.302146771762391001e-04 8.662666326417220800e-04 7.449502091331746192e-04
2.152936942457106539e-03 6.284594520395980766e-04 1.936938833324575171e-06 1.854558650695972059e-04 9.672591627589912787e-05 4.767857405585672761e-07
1.325376063323613351e-03 4.128972653205664756e-05 8.768079595711242291e-10 1.485164851939942609e-04 1.645535564432566264e-05 9.313225746154785156e-10
2.207090003065736994e-04 1.399269247328582821e-04 2.269740829219379918e-05 5.931738548836365039e-05 4.435017593081456777e-05 1.304697220399865507e-05
5.508680115734443383e-02 1.329566442114460401e-03 2.990672067770816511e-07 8.039868510099123025e-04 1.371850809158555947e-04 5.797459650363576328e-08
4.927152826704972455e-03 1.228372364827645669e-04 9.936810485555724881e-09 2.817542079494893335e-04 4.175219794002767973e-05 3.850514862812409855e-09
6.302427749044037242e-02 4.090180038922586192e-04 3.783900015541519224e-08 8.276731106588766087e-04 6.107006668687060802e-05 1.225406058779057713e-08
2.533241936400365546e-03 5.009133511357788393e-05 6.181721801112871617e-11 2.022806121067886171e-04 1.259154714645633835e-05 nan
6.760937276468315105e-03 5.729389664255180037e-06 5.311306949806748889e-13 3.311363938802268240e-04 1.269350261884106906e-06 nan
4.085133441285027089e-03 1.014740886176035417e-03 1.256725346010512112e-07 2.562583113824350124e-04 1.265958200746960746e-04 1.588461364313558186e-08
8.007800422788102779e-02 2.199576144401582667e-05 1.067412824795610504e-11 8.761898856362651533e-04 5.412285909940622745e-06 7.176322400300968455e-10
6.284467289630057962e-04 5.429922701249978445e-05 5.873773540887583522e-07 1.018064596973997012e-04 2.871899800155999262e-05 3.391608510694632571e-07
1.107673585469814981e-03 4.752757909849414375e-04 3.839568760710676543e-07 1.329848001473327764e-04 8.503379017217165556e-05 9.993426470088776668e-08
3.352457327530089515e-04 4.074022250685649382e-03 2.707398683225781255e-03 7.353534445833332333e-05 2.135134667461054429e-04 1.540343257517028976e-04
4.511244202131114989e-03 6.787408656185878186e-04 2.668159891539012563e-05 2.692960454520754035e-04 1.011486508486245757e-04 7.648139218797640182e-06
1.609450712899929137e-02 2.078604412835804993e-03 1.022179149634538931e-05 4.903131528711157563e-04 1.713686872234711125e-04 2.713708393161817822e-06
6.135435001831668345e-03 3.803808034689826201e-03 1.774236301423925966e-04 3.129417029617710525e-04 2.415360472876923567e-04 2.487408030171246991e-05
2.133056500046137671e-03 2.768332809655049687e-07 3.552713678800500929e-15 1.873164517049868169e-04 1.310522185390884791e-07 5.703162734357588648e-10
5.599710137884850170e-03 3.943566255461217196e-03 2.339027331976772928e-05 2.978633512690105059e-04 2.490996488806637948e-04 3.058612590443012169e-06
6.605849278540354419e-03 2.774319112324175052e-04 5.214356013638621334e-08 3.242758561829280030e-04 6.347400845435473857e-05 1.542052662785494074e-08
9.132776692870603341e-04 2.124402883563947242e-02 1.897602682840382471e-02 1.178256254860006040e-04 5.157031986728418012e-04 4.888460870360371519e-04
2.609248045066125954e-03 2.945843992786678633e-02 8.521564536039738513e-02 2.010251974105750226e-04 5.109840881914410465e-04 7.562601368472042767e-04
6.662427483888455626e-03 2.577104361321702619e-02 1.984986223622620116e-02 3.231821573223888776e-04 6.142825933048053078e-04 5.899832856180096908e-04
1.149145417048025308e-03 8.545828695805113284e-07 7.993605777301127091e-14 1.398605172060190399e-04 5.046765998445719339e-07 4.355862488474162912e-10
2.223234185651179473e-03 3.431230830799991693e-03 6.220165021142420869e-05 1.894231831940405093e-04 2.329770648501787911e-04 1.217126655898586659e-05
1.625038347835694452e-02 6.626719343927334194e-05 1.599486787462467419e-08 4.945870123800105364e-04 3.052776525981485464e-05 9.178371794720657644e-09
9.614569178239884550e-03 4.736972940253547648e-04 1.173352773164992868e-05 3.879301511454970319e-04 8.489625608985257939e-05 3.721718153359511673e-06
5.586204759476354198e-03 3.804058632128626272e-04 5.604397457226184542e-08 2.975446485644930275e-04 6.931357007974655736e-05 4.732021499142108017e-08
1.170244298851508269e-02 8.401950524323820169e-02 6.234471843491240506e-02 4.306545156843543634e-04 7.714463164256944163e-04 7.237933102234770343e-04
5.072075710713219721e-03 5.601671000388153132e-02 4.166121428540181526e-02 2.847412226837539541e-04 7.227833568997868051e-04 6.560373223181551784e-04
2.126658928981228769e-03 7.387580853256192626e-03 2.435760217760707391e-03 1.836636724329920260e-04 3.086493440875610482e-04 1.354613795160087306e-04
9.716655450057176679e-03 1.121660808678370813e-08 -1.776356839400250465e-15 3.946552180671117805e-04 8.320234895313920740e-09 0.000000000000000000e+00
9.675501972017386265e-04 4.975566697273947625e-03 2.644021643885596795e-02 1.244197399581396996e-04 1.901672564080966971e-04 5.719409809669379454e-04
4.866849271474293914e-04 1.070288237888350480e-03 2.430268349604691736e-04 8.886001802344993322e-05 1.219342101484506314e-04 2.864403842159434188e-05
4.136916555379066551e-03 3.298336131109635971e-03 1.474731350992186663e-05 2.619032227784048980e-04 2.305469467306198281e-04 1.059101722494214767e-06
5.812732218632987724e-04 2.060110987800456428e-06 4.778399897986673750e-13 1.035962711651742743e-04 1.202405230622722992e-06 nan
6.447910003887002972e-03 4.390747398251404476e-03 1.134259785962044020e-05 3.194581590645149266e-04 2.635716280376100779e-04 7.512405827291296031e-07
9.763624285704652905e-03 1.363119246342581192e-04 6.378965822229076821e-08 3.918205113388589225e-04 3.846380704959369274e-05 3.174319445257070698e-08
1.586756485957296903e-03 2.298615980489415733e-04 4.858265723051147233e-08 1.593459840305272825e-04 5.486264886769200307e-05 2.659574209022081692e-08
3.714211816991652704e-02 3.681162944068061549e-03 1.005221934669009443e-05 7.080919635463262711e-04 2.402234914704416214e-04 1.051429687157024889e-06
2.660958365855892183e-03 1.222788738786118046e-04 9.609359641338244273e-08 2.081902314356833862e-04 4.163696075552664156e-05 4.257364186738834935e-08
1.927993522972348828e-02 1.553124183318055351e-02 1.090548960376191978e-02 5.308099718155638190e-04 4.106101171030652011e-04 3.110030871437511083e-04
3.238883154627281158e-02 1.324159876879182907e-01 7.337851409914009082e-02 6.618110604706678576e-04 1.161176361409683956e-03 7.534424337040257101e-04
8.915182081917327750e-03 1.497192587951445830e-04 1.765325951419427497e-06 3.740629180349196604e-04 4.177263062310762007e-05 1.647708142247541156e-06
2.264400786246989483e-02 4.135011710813651931e-03 1.376470933818207953e-04 5.708138693269733475e-04 2.528909144692204265e-04 2.435291065391301916e-05
1.534500263818738830e-03 8.079775260871890907e-05 1.368650235367141477e-06 1.576636848361346308e-04 2.891117187648983185e-05 9.606923878348498458e-07
2.160054293495861089e-03 1.045282999647900724e-03 1.132937352177343371e-05 1.875272184878730799e-04 1.293847831426071533e-04 1.845127007481479734e-06
4.952024547590916370e-04 3.532735476508008787e-04 1.523997587238312690e-06 8.964037715856771216e-05 7.519605928173821283e-05 3.550371112252687138e-07
5.023987241105976054e-03 1.832942537036674757e-02 4.313254055191118042e-03 2.807608778062307682e-04 5.009460905583774720e-04 1.828825034879895427e-04
2.110766211669945491e-03 5.590020193291245221e-05 2.530615716977990814e-10 1.848901076303713039e-04 1.928413043631802744e-05 6.160119807032380989e-10
3.335634496427197782e-02 7.510117949273342752e-02 1.154924755429940220e-01 6.750507686181055327e-04 8.090590482873851515e-04 6.969433905611951453e-04
4.929420793082783803e-04 6.066026956790260272e-04 1.171218916768967944e-04 8.894360168276638689e-05 9.236375216210100506e-05 2.621642458721369940e-05
3.261382045356198134e-03 1.693033110621744441e-03 1.225151068751095806e-05 2.283552929540722334e-04 1.628527595110870578e-04 1.504778703910115632e-06
4.899400497557770962e-04 5.757289971097145909e-03 3.796943664581275968e-02 8.957228177962010655e-05 1.811393997076234195e-04 6.549283303776494338e-04
5.008946239353440077e-03 7.678151932326571227e-04 6.571900744267722416e-06 2.841155557352391175e-04 1.112563660301403541e-04 1.163341741844311486e-06
7.218650996227982120e-04 1.133303482194758516e-03 2.614980848454351303e-04 1.083239251983645349e-04 1.247289033849680983e-04 3.718987552094427617e-05
4.053306599476558247e-03 8.002620224423218076e-05 5.316103113273129566e-10 2.555787164507939400e-04 2.696083357478184814e-05 4.032745043674663625e-10
1.008089416389523763e-03 1.684840936728715377e-03 7.069646880353275264e-06 1.283990585777740757e-04 1.655878596275889454e-04 8.048696721077813507e-07
9.344009277072462538e-04 3.282875650917116417e-03 3.272342137372596937e-05 1.239131802571029903e-04 2.297771220965383028e-04 3.017466323014972402e-06
2.949788688702881245e-03 2.113112949064799295e-07 0.000000000000000000e+00 2.197315278232323335e-04 5.767812363500152731e-08 0.000000000000000000e+00
9.524610192742644088e-03 9.203263800050542898e-05 2.383592190291494717e-08 3.912480322729123346e-04 3.279033416846732795e-05 2.314997049370872998e-08
6.592400241767215618e-04 1.390370377303717930e-03 3.895985183355321624e-07 1.019284542465584762e-04 1.496287257864700520e-04 4.368321106133110061e-08
8.888089825034106717e-02 8.024155635237883999e-02 3.727545397278930750e-03 1.015802236594059776e-03 7.569020805317136199e-04 7.104514215980811719e-05
3.505571174736488160e-03 7.493365572585775070e-02 2.125107730994051369e-01 2.333566622719899272e-04 8.942822703239105414e-04 8.800580296770132028e-04
1.232801877997458107e-03 5.314552824486895588e-07 5.151434834260726348e-14 1.427753928328907699e-04 4.068561773427980261e-07 2.328306436538696289e-10
6.397985780852044613e-03 3.517042904277456472e-04 3.099287173569109655e-07 3.194241994147196647e-04 7.302897989420808556e-05 1.031409530262165549e-07
2.479293143546001943e-03 9.167385521831050710e-04 2.063497093374166980e-05 1.992709556875131300e-04 1.176508340581563350e-04 3.750972883547247400e-06
2.839560321099998674e-03 4.784676623692751818e-03 4.242972187062932221e-05 2.118831673731583871e-04 3.017359772849220116e-04 4.159784918166590307e-06
3.396585430254006610e-03 1.967174462434684301e-02 5.841500327873028198e-02 2.326002881987011123e-04 4.575893693371187762e-04 1.151746400570332696e-03
5.419633700407544552e-04 2.469309897756843952e-05 1.019764539478273946e-08 9.429430784440002522e-05 1.728989502121739088e-05 1.017286082494700276e-08
1.144805547367775400e-01 4.694415658081929621e-04 3.697412154224366532e-09 8.901118086095466874e-04 6.298752905186037038e-05 9.166551607209037903e-10
3.759692575677764381e-04 1.905855555801583279e-04 1.118535157829114723e-07 7.755155137323350512e-05 5.414903145508059151e-05 3.643520612053078447e-08
1.118333568270357681e-02 4.375623328883859742e-03 2.437432174451359401e-05 4.153658681715230124e-04 2.625251763435263136e-04 1.650420662147986712e-06
2.938069921236019511e-03 5.024294737142276368e-02 1.087023160406723754e-01 2.162583204005426741e-04 6.468572380245909536e-04 7.180851145606104895e-04
1.202010872105363504e-03 2.724793863069008282e-03 1.023195264823639761e-03 1.395921022432262157e-04 1.942919042844485104e-04 1.020000656744959514e-04
3.444538484461912020e-03 2.417993052570466261e-02 2.147553098983223663e-02 2.285625304577788559e-04 5.329942369956290268e-04 5.015073701944928932e-04
1.513436421921365849e-03 1.780417936099620846e-03 2.281230864253913637e-05 1.567459200360118033e-04 1.688647595965370521e-04 3.323009942795236515e-06
1.186509343543007411e-02 9.417237789861565567e-02 4.845861999286382726e-03 4.280013155592421589e-04 8.541714456190299893e-04 9.010487459278034895e-05
1.949323668062330484e-03 6.763318896041425887e-07 4.618527782440651208e-14 1.791494432539469223e-04 3.845797732459885228e-07 4.355862488474162912e-10
2.256522185400289260e-03 1.267979210879399687e-04 1.322684184401623497e-08 1.913582378736872799e-04 4.026932403817714694e-05 1.026041085670269248e-08
3.022383388751492816e-03 9.391246763177374390e-03 3.636984806920651181e-05 2.129566539534746361e-04 3.779886802347968760e-04 1.695615934125210217e-06
1.483126387587851980e-03 2.069457440967426010e-07 0.000000000000000000e+00 1.565039301658062789e-04 5.455023728324220088e-08 0.000000000000000000e+00
2.205547919425399073e-03 1.943507311505943136e-04 1.013494210777565740e-07 1.884200466278278350e-04 4.947499248989180624e-05 3.835951099066585608e-08
