6.499360207431470471e-03 6.397925695900141818e-07 5.661279348730634394e-04 6.848665000201254766e-08
2.683450724223623851e-02 1.549275776380198977e-05 1.124915458816233040e-03 4.896758536805993147e-06
2.684157827935873541e-02 4.408421720641708674e-03 1.084080401631491806e-03 3.435479102050455940e-04
5.343767419063727431e-04 1.562325809256748244e-05 1.612450882193820138e-04 9.530695330643528912e-06
9.998518005538414855e-05 1.481994438279343740e-08 7.069277672118151991e-05 1.481908060700591979e-08
8.999999995473739745e-04 4.529709940470638685e-13 2.119314456440632107e-04 2.851581367178794324e-10
2.664586956559933384e-02 6.041304343999964743e-04 1.113493047034910593e-03 1.010914578422216528e-04
3.673776623280589071e-02 1.223376719505786525e-05 1.301781146980529862e-03 1.817356900695230343e-06
1.149850250560469078e-03 1.497494399593790604e-07 2.394707036820080176e-04 6.979484480230162752e-08
1.239997209153376190e-02 2.790846709288530292e-08 7.770779985417323055e-04 4.850483186542908570e-09
2.277041086740982934e-03 1.729589132588582601e-04 3.283933342875238349e-04 5.597325734476350128e-05
3.599999845621537631e-03 1.543778438417575671e-10 4.226570571490321994e-04 6.585445079827192917e-10
1.148004545076242167e-03 1.995454924408335273e-06 2.390937974345981273e-04 1.829771063079225530e-06
8.499560054215926641e-04 4.399457775861037589e-08 2.059605397249500219e-04 3.908331275314971475e-08
5.490461587500661267e-04 9.538412497622772435e-07 1.654494130345657993e-04 6.676276510085299451e-07
2.949686926604577764e-03 3.130733958744968959e-07 3.828252681152274971e-04 9.683515761020184068e-08
4.499999928191389387e-04 7.181810701695212629e-12 1.499290956007046875e-04 5.460362601819715615e-10
1.837957875085138859e-02 9.204212491489283110e-04 9.229940874177112054e-04 1.093865956727115544e-04
4.549094180037016599e-03 9.058199630374019762e-07 4.745915102180915278e-04 2.686973567013789697e-07
1.099852438104287344e-03 1.475618953694635138e-07 2.342183886062939127e-04 1.078548847254499552e-07
4.498895408506786708e-04 1.104591500489249256e-07 1.498923631888250641e-04 1.080627693939082669e-07
7.314080379224763284e-02 9.196207751305252032e-06 1.764916076329454747e-03 1.003142796479565490e-06
5.699937394771703580e-03 6.260522789069966620e-08 5.306429522486973268e-04 2.081979895579457068e-08
1.744714943462088996e-02 2.850565378631486624e-06 9.166559422808087708e-04 4.244084016109963074e-07
4.149962681044172541e-03 3.731895570346921431e-08 4.535280672040671525e-04 1.442798728573105120e-08
2.544999918329504673e-02 8.167049259100167546e-10 1.097488645619835350e-03 2.328306436538696289e-10
2.184999905812579080e-02 9.418759105983554036e-10 1.020961948761407246e-03 4.355862488474162912e-10
3.119999938504425252e-02 6.149551978751333081e-10 1.207383104939060937e-03 2.328306436538696289e-10
4.935680569571276877e-03 1.431943042851102632e-05 4.935045057270375825e-04 4.821906027790377770e-06
7.443785693352911181e-04 5.621430664515258968e-06 1.920580142994425402e-04 2.407489942899661190e-06
3.221433762366388009e-03 1.228566237632788827e-03 3.866380195589020448e-04 2.251491685170332088e-04
8.847293302546743732e-03 2.706697453058737324e-06 6.587983167186356286e-04 1.079848708375763611e-06
1.905703390049651169e-02 5.429660995028839920e-04 9.457459995630218769e-04 7.220771662270707961e-05
6.293242849150670892e-03 1.606757150849125182e-03 5.324829816318852899e-04 2.293105044254878009e-04
1.699999272087193702e-03 7.279137292925952352e-10 2.910265173897197736e-04 5.460362601819715615e-10
2.609261408921481618e-03 9.073859107955328795e-05 3.558115918836967165e-04 3.684864987440047903e-05
2.895114662072151290e-03 4.885337927529320723e-06 3.789990995910739752e-04 2.510437720999715043e-06
3.532308146261708970e-03 2.517691853738623919e-03 3.835017916369626474e-04 3.112414162710885326e-04
6.987060196668393175e-03 8.921293980333055984e-02 4.927052039640698834e-04 1.903277400999469184e-03
5.603578682088050655e-03 2.704642131791090698e-02 4.706718267118677255e-04 1.113380315647560792e-03
3.249999531902192373e-03 4.680966725345570012e-10 4.017346523445593925e-04 2.851581367178794324e-10
3.547619526954814972e-03 2.380473045349162931e-06 4.194547397659325791e-04 5.671907881760294194e-07
1.544999769319987948e-02 2.306800084284077457e-09 8.645417260609517332e-04 4.355862488474162912e-10
1.198756562534208925e-03 1.243437465436869616e-06 2.443883996958668499e-04 8.046277050030844827e-07
3.305246978763376475e-02 1.475302123672417309e-04 1.238017833692446786e-03 3.707021405783313405e-05
4.213067118157853841e-02 5.111932881842151666e-02 1.310142234190520526e-03 1.444998665977393964e-03
1.123636417359241690e-02 1.721363582640678125e-02 6.957206568127285952e-04 8.755844581480442396e-04
1.229342102360142519e-03 7.065789764038044041e-05 2.443251680450880337e-04 4.371778998948502387e-05
6.999999989130145650e-04 1.087130385712953284e-12 1.869452926647112250e-04 5.936039976767246252e-10
3.381928235773434821e-03 3.680717642267072875e-04 3.971072479685007722e-04 8.979729903348640291e-05
3.625455413637679314e-03 8.245445863632738792e-04 4.121986276407133953e-04 1.762315818580208584e-04
1.349971946173145199e-03 2.805382637305342541e-08 2.594336533131396381e-04 2.253290654520542939e-08
1.899603483644263235e-03 3.965163561936435599e-07 3.075411716729936802e-04 1.415747209682954402e-07
2.795987127108823245e-03 4.012872891978602752e-06 3.725342577657159929e-04 1.341255040582081612e-06
9.899823195641310747e-03 1.768043591532375558e-07 6.961971710308387587e-04 4.830155737512955677e-08
1.348131658905238339e-03 1.868341095168091215e-06 2.590849139609049251e-04 1.481873024555855557e-06
9.946866792513553435e-03 3.133207485905842304e-06 6.977140615544464306e-04 1.520368762188432495e-06
1.099990033876840911e-03 9.966122149762668414e-09 2.342476030151559654e-04 3.584382198364625735e-09
2.235636969772913929e-02 4.943630302270296539e-03 9.806217905535777758e-04 3.575021475716186553e-04
3.188449717577079845e-02 2.482155028242292172e-01 1.054468290852554309e-03 2.450390335033275201e-03
5.299093697670231862e-03 9.063023296285166452e-07 5.118220719207395393e-04 6.156117068754437948e-07
3.998752837253816139e-03 1.247162745965368913e-06 4.451936883562567383e-04 5.830847542514254687e-07
4.098833043662208908e-03 1.166956338227720380e-06 4.506884076175367076e-04 2.859784972777716680e-07
1.869610128454768372e-03 3.038987154435623950e-05 3.031443043902461187e-04 1.712931537074522309e-05
5.979071670705327080e-04 2.092832928957122363e-06 1.724947484243148513e-04 1.008113494129589014e-06
1.112782535150724783e-02 4.907217464849322752e-02 6.712504252883715484e-04 1.463504870728501691e-03
8.644329991562837989e-03 5.670008438096729719e-06 6.512280800680557077e-04 1.581453262111497373e-06
1.455593617284045571e-02 2.694063827160197988e-03 8.030651801400890940e-04 2.650532925873111075e-04
5.723994263193699084e-04 2.760057367967583275e-05 1.661060653699745549e-04 1.958156738642494703e-05
3.098085033176545267e-03 1.914966823779451488e-06 3.921762557273834903e-04 6.939129174527563599e-07
3.529636306165651050e-03 4.970363693835633256e-03 3.994199515981799531e-04 4.799771226287950603e-04
9.495221003676945770e-04 4.778996331999962877e-07 2.176182950476426652e-04 3.206804102824907705e-07
2.345283369139528062e-03 3.047166308609572383e-04 3.299872713615098247e-04 8.583067748036031443e-05
1.049984720323582366e-03 1.527967641301586355e-08 2.288726708808166933e-04 1.049159785550279481e-08
8.955736679980841330e-04 4.426332002704924662e-06 2.109143094810587342e-04 3.309817123894496882e-06
1.466904519529244055e-03 8.309548047047421448e-05 2.659714447091223832e-04 4.198049536862541350e-05
1.999999614766156952e-03 3.852331786902141175e-10 3.155628321614855247e-04 nan
3.449999750294363565e-03 2.497060336281720083e-10 4.138236727296775320e-04 2.328306436538696289e-10
8.454100891948090890e-04 4.589910804986274684e-06 2.048886651149165600e-04 3.561041228542321239e-06
1.442141648889978534e-01 1.235835111001781783e-03 2.237581786842004518e-03 5.633541112222249661e-05
1.865062865070199472e-02 3.149993713492975633e-01 8.091609164439430429e-04 2.328642980296087919e-03
3.349999566913508531e-03 4.330864555868174648e-10 4.078252375009002459e-04 nan
2.094186259417707419e-03 5.813740581839255128e-06 3.224369880069317485e-04 2.269979593057155514e-06
2.848217887360338096e-03 1.782112638792909820e-06 3.761270526408621814e-04 8.266488796907693617e-07
3.838768173989981491e-03 1.011231826010261514e-03 4.111090365858533218e-04 1.697891899319737641e-04
1.603044569175904321e-02 6.271955430824127653e-02 8.158797897630593520e-04 1.623491704900439361e-03
2.920686280173834248e-03 2.931371982684005673e-05 3.792786299403567507e-04 1.281919601245028817e-05
2.634999973160501163e-02 2.683950839355020435e-10 1.115609953533895117e-03 nan
1.630865594895780646e-03 1.913440510548092277e-05 2.834798611838891752e-04 6.905384754028977372e-06
1.395713283753652334e-03 4.286716246637567451e-06 2.633916630123990239e-04 2.693790743951194632e-06
2.594072319721973940e-03 4.945592768027751163e-02 2.924980220900713396e-04 1.480087214205126232e-03
2.827335795945851160e-03 4.226642040541239709e-04 3.680525211074880043e-04 1.264931578193701856e-04
1.202632985185836390e-02 4.507367014814267492e-02 6.863333006763287954e-04 1.393282737957524543e-03
1.522189026215148289e-03 5.778109737852865635e-04 2.576900475890430927e-04 1.391314552449994600e-04
5.112696295066587737e-02 1.587303704933495929e-02 1.411870555012376084e-03 6.539066560242018638e-04
1.399999999391665639e-03 6.092903959142859094e-13 2.641858629289652689e-04 6.788121413957910545e-10
1.048007002438566815e-03 1.992997562538789680e-06 2.284503213867204014e-04 1.946208913867178497e-06
2.894155803647713299e-03 5.844196352855490773e-06 3.788793299666297462e-04 3.213677163385034596e-06
2.599999956059750872e-03 4.393996277940459549e-11 3.595693159659093738e-04 6.376329780383572434e-10
6.548687465117497553e-03 1.312534882336180431e-06 5.682138205774548648e-04 3.024561023169081307e-07
